1.000000000000000000e+01 9.953072826667213047e-01
1.013939457675291678e+01 9.952372570816225839e-01
1.028073223830865324e+01 9.951662604080366847e-01
1.042404007021556289e+01 9.950942792503616463e-01
1.056934553557988288e+01 9.950213000302061683e-01
1.071667648032863340e+01 9.949473089839520057e-01
1.086606113854597488e+01 9.948722921602846103e-01
1.101752813788386831e+01 9.947962354176932420e-01
1.117110650504824143e+01 9.947191244219384387e-01
1.132682567136153828e+01 9.946409446434888446e-01
1.148471547840289553e+01 9.945616813549243984e-01
1.164480618372686038e+01 9.944813196283078804e-01
1.180712846666190252e+01 9.943998443325227088e-01
1.197171343418966849e+01 9.943172401305777619e-01
1.213859262690628249e+01 9.942334914768780063e-01
1.230779802506665099e+01 9.941485826144618176e-01
1.247936205471311411e+01 9.940624975722023304e-01
1.265331759388942956e+01 9.939650182597100647e-01
1.282969797894147490e+01 9.938484480664578902e-01
1.300853701090571235e+01 9.937302669062180183e-01
1.318986896198669889e+01 9.936104527131318642e-01
1.337372858212496318e+01 9.934889831246355163e-01
1.356015110565633286e+01 9.933658354776256916e-01
1.374917225806419729e+01 9.932409868045816159e-01
1.394082826282577869e+01 9.931144138296408297e-01
1.413515584835395700e+01 9.929860929646291412e-01
1.433219225503573924e+01 9.928560003050446170e-01
1.453197524236896143e+01 9.927241116259946097e-01
1.473454309619835101e+01 9.925904023780854901e-01
1.493993463605257688e+01 9.924548476832661947e-01
1.514818922258345779e+01 9.923174223306217012e-01
1.535934676510897745e+01 9.921781007721207635e-01
1.557344772926134269e+01 9.920368571183129092e-01
1.579053314474175806e+01 9.918936651339776978e-01
1.601064461318317811e+01 9.917003746505915762e-01
1.623382431612278154e+01 9.914868113314212472e-01
1.646011502308550689e+01 9.912703180124572411e-01
1.668956009978024824e+01 9.910508551587857706e-01
1.692220351641037368e+01 9.908283827206643135e-01
1.715808985610004811e+01 9.906028601273446643e-01
1.739726432343801577e+01 9.903742462808369229e-01
1.763977275314044491e+01 9.901424995496150849e-01
1.788566161883461803e+01 9.899075777622630135e-01
1.813497804196495267e+01 9.896694382010613467e-01
1.838776980082327839e+01 9.894280375955163409e-01
1.864408533970486204e+01 9.891833321158283177e-01
1.890397377819221347e+01 9.889352773663016016e-01
1.916748492056814968e+01 9.886838283786959503e-01
1.943466926536021333e+01 9.884289396055178090e-01
1.970557801501799489e+01 9.881705649132538349e-01
1.998026308572550747e+01 9.878967362702933963e-01
2.025877711735017073e+01 9.875111679971418921e-01
2.054117348353064187e+01 9.871203787564543086e-01
2.082750630190515295e+01 9.867243000215744075e-01
2.111783044448244340e+01 9.863228624273305822e-01
2.141220154815729515e+01 9.859159957615137859e-01
2.171067602537264918e+01 9.855036289563208207e-01
2.201331107493031425e+01 9.850856900797656523e-01
2.232016469295234629e+01 9.846621063270591945e-01
2.263129568399529745e+01 9.842328040119598942e-01
2.294676367231935998e+01 9.837977085580972281e-01
2.326662911331458972e+01 9.833567444902701071e-01
2.359095330508635158e+01 9.829098354257220782e-01
2.391979840020239578e+01 9.824569040653956531e-01
2.425322741760352940e+01 9.819978721851684300e-01
2.459130425468045189e+01 9.815326606270715626e-01
2.493409369951879029e+01 9.810611892904970155e-01
2.528166144331500576e+01 9.805161782623628142e-01
2.563407409296515027e+01 9.798865965897999297e-01
2.599139918382932990e+01 9.792486516301341926e-01
2.635370519267394585e+01 9.786022381143498761e-01
2.672106155079435297e+01 9.779472496120390490e-01
2.709353865732051503e+01 9.772835785233247030e-01
2.747120789270811514e+01 9.766111160708794703e-01
2.785414163241767582e+01 9.759297522920457046e-01
2.824241326078435677e+01 9.752393760310649196e-01
2.863609718508115876e+01 9.745398749314211351e-01
2.903526884977813793e+01 9.738311354283075705e-01
2.944000475100035175e+01 9.731130427412216788e-01
2.985038245118731126e+01 9.723854808666979599e-01
3.026648059395692059e+01 9.716483325711843255e-01
3.068837891917642224e+01 9.709014793840711199e-01
3.111615827824361347e+01 9.701448015908803457e-01
3.154990064958087004e+01 9.693781782266233105e-01
3.198968915434537763e+01 9.685250504860194454e-01
3.243560807235811438e+01 9.676454181445981462e-01
3.288774285825510191e+01 9.667543398822125988e-01
3.334618015786364253e+01 9.658516782753412411e-01
3.381100782480685041e+01 9.649372945740120056e-01
3.428231493733970581e+01 9.640110486985365990e-01
3.476019181541977332e+01 9.630727992365737400e-01
3.524473003801585946e+01 9.621224034405330139e-01
3.573602246065788535e+01 9.611597172253335541e-01
3.623416323323149868e+01 9.601845951665319845e-01
3.673924781802074335e+01 9.591968904988303901e-01
3.725137300800211193e+01 9.581964551149834142e-01
3.777063694539368299e+01 9.571831395651144714e-01
3.829713914046281076e+01 9.561567930564589535e-01
3.883098049059604762e+01 9.551172634535491923e-01
3.937226329963480964e+01 9.540643972788558358e-01
3.992109129748053675e+01 9.530144550579078278e-01
4.047756965997321998e+01 9.520171037263405189e-01
4.104180502904709016e+01 9.510069155291853704e-01
4.161390553316707042e+01 9.499837402817178367e-01
4.219398080805026297e+01 9.489474264649391255e-01
4.278214201767617197e+01 9.478978212263283742e-01
4.337850187558989035e+01 9.468347703810676697e-01
4.398317466650223651e+01 9.457581184137592301e-01
4.459627626819093393e+01 9.446677084806499591e-01
4.521792417370701855e+01 9.435633824123813573e-01
4.584823751389095747e+01 9.424449807172822213e-01
4.648733708020256472e+01 9.413123425852215620e-01
4.713534534786909802e+01 9.401653058920420580e-01
4.779238649935599881e+01 9.390037072045909206e-01
4.845858644816495797e+01 9.378273817863682638e-01
4.913407286296362031e+01 9.366361636038136318e-01
4.981897519205162439e+01 9.354298853332491115e-01
5.051342468816766029e+01 9.343630292568037010e-01
5.121755443364241245e+01 9.334015072732216867e-01
5.193149936590211979e+01 9.324275924453274689e-01
5.265539630332755650e+01 9.314411393008277251e-01
5.338938397147352788e+01 9.304420010606156977e-01
5.413360302965381265e+01 9.294300296389629290e-01
5.488819609789671716e+01 9.284050756441573071e-01
5.565330778427645697e+01 9.273669883796019642e-01
5.642908471262539649e+01 9.263156158453906830e-01
5.721567555063251831e+01 9.252508047403780189e-01
5.801323103833378525e+01 9.241724004647596802e-01
5.882190401699956084e+01 9.230802471231801531e-01
5.964184945842463037e+01 9.219741875283861132e-01
6.047322449462649274e+01 9.208540632054429409e-01
6.131618844795774947e+01 9.197197143965339938e-01
6.217090286163826818e+01 9.185709800663586222e-01
6.303753153071278348e+01 9.174076979081517980e-01
6.391624053344005318e+01 9.166085655756289752e-01
6.480719826311971588e+01 9.158262355246448161e-01
6.571057546036270480e+01 9.150336819633912988e-01
6.662654524581152771e+01 9.142307809139162966e-01
6.755528315331642375e+01 9.134174071651716131e-01
6.849696716357446746e+01 9.125934342686862211e-01
6.945177773823695588e+01 9.117587345344988492e-01
7.041989785449288775e+01 9.109131790273589102e-01
7.140151304013399169e+01 9.100566375632093141e-01
7.239681140910876422e+01 9.091889787059602712e-01
7.340598369757212538e+01 9.083100697645667410e-01
7.442922330043758450e+01 9.074197767904227385e-01
7.546672630843890772e+01 9.065179645750828241e-01
7.651869154570825060e+01 9.056044966483246528e-01
7.758532060787835860e+01 9.046792352765653522e-01
7.866681790071581304e+01 9.037420414616450515e-01
7.976339067929276894e+01 9.029250665441950208e-01
8.087524908770457444e+01 9.024080735463748670e-01
8.200260619934130091e+01 9.018841761816405178e-01
8.314567805772064446e+01 9.013532865111739678e-01
8.430468371788971638e+01 9.008153155959268688e-01
8.547984528840413532e+01 9.002701734886972007e-01
8.667138797389233673e+01 8.997177692262517956e-01
8.787954011821319966e+01 8.991580108214988210e-01
8.910453324821513377e+01 8.985908052557149972e-01
9.034660211810529518e+01 8.980160584708321014e-01
9.160598475443708821e+01 8.974336753617887519e-01
9.288292250172499109e+01 8.968435597689501382e-01
9.417766006869518947e+01 8.962456144706044681e-01
9.549044557518082854e+01 8.956397411755384619e-01
9.682153059967086506e+01 8.950258405156988895e-01
9.817117022752194089e+01 8.944038120389460333e-01
9.953962309984233059e+01 8.937735542019047408e-01
1.009271514630571858e+02 8.933882266882230416e-01
1.023340212191642280e+02 8.931251793138799133e-01
1.037605019766911738e+02 8.928585442797746241e-01
1.052068671023622812e+02 8.925882737715772342e-01
1.066733937734857136e+02 8.923143193690707964e-01
1.081603630310709434e+02 8.920366320393644521e-01
1.096680598336868542e+02 8.917551621300566778e-01
1.111967731120698915e+02 8.914698593623492373e-01
1.127467958244947255e+02 8.911806728241123965e-01
1.143184250129150286e+02 8.908875509629021749e-01
1.159119618598885779e+02 8.905904415789287487e-01
1.175277117462945142e+02 8.902892918179794446e-01
1.191659843098558724e+02 8.899840481642943280e-01
1.208270935044775882e+02 8.896746564333964935e-01
1.225113576604119032e+02 8.893610617648777250e-01
1.242190995452617415e+02 8.890432086151396351e-01
1.259506464258357710e+02 8.887277350135097675e-01
1.277063301308644725e+02 8.886034094397831096e-01
1.294864871145904885e+02 8.884773685924239883e-01
1.312914585212465397e+02 8.883495890573671616e-01
1.331215902504307564e+02 8.882200471079807480e-01
1.349772330233941773e+02 8.880887187010920725e-01
1.368587424502517820e+02 8.879555794729693252e-01
1.387664790981308442e+02 8.878206047352573682e-01
1.407008085602685128e+02 8.876837694708685778e-01
1.426621015260738261e+02 8.875450483298277238e-01
1.446507338521647057e+02 8.874044156250702198e-01
1.466670866343968669e+02 8.872618453281946316e-01
1.487115462808953623e+02 8.871173110651681126e-01
1.507845045861051005e+02 8.869707861119843217e-01
1.528863588058729590e+02 8.868222433902743784e-01
1.550175117335770381e+02 8.866716554628699676e-01
1.571783717773162721e+02 8.865189945293184826e-01
1.593693530381776213e+02 8.863153322665778822e-01
1.615908753895919006e+02 8.860350412331904346e-01
1.638433645577984805e+02 8.857509335967587161e-01
1.661272522034292933e+02 8.854629586667517316e-01
1.684429760042315252e+02 8.851710651152719933e-01
1.707909797389426956e+02 8.848752009700628918e-01
1.731717133723352902e+02 8.845753136074674394e-01
1.755856331414468912e+02 8.842713497453426053e-01
1.780332016430113811e+02 8.839632554359281302e-01
1.805148879221110008e+02 8.836509760586704898e-01
1.830311675620613130e+02 8.833344563130038907e-01
1.855825227755518938e+02 8.830136402110877469e-01
1.881694424970555701e+02 8.826884710705034109e-01
1.907924224765264967e+02 8.823588915069091598e-01
1.934519653744044376e+02 8.820248434266557691e-01
1.961485808579431307e+02 8.816862680193633395e-01
1.988827856988809799e+02 8.813431057504603761e-01
2.016551038724748537e+02 8.805783282554102698e-01
2.044660666579117674e+02 8.796759358239863991e-01
2.073162127401231203e+02 8.787619086994341577e-01
2.102060883130158402e+02 8.778361101976396297e-01
2.131362471841437696e+02 8.768984024033047442e-01
2.161072508808376540e+02 8.759486461700045634e-01
2.191196687578147362e+02 8.749867011206593492e-01
2.221740781062884764e+02 8.740124256484369525e-01
2.252710642645980386e+02 8.730256769181006238e-01
2.284112207303825528e+02 8.720263108678155684e-01
2.315951492743154461e+02 8.710141822114342292e-01
2.348234600554276312e+02 8.699891444412715114e-01
2.380967717380358408e+02 8.689510498313898212e-01
2.414157116103017700e+02 8.678997494414099068e-01
2.447809157044440269e+02 8.668350931208637089e-01
2.481930289186255152e+02 8.657569295141088750e-01
2.516527051405391546e+02 8.645523222706342770e-01
2.551606073727186299e+02 8.625958538008751120e-01
2.587174078595924129e+02 8.606166336365584923e-01
2.623237882163123800e+02 8.586144608701582470e-01
2.659804395593758386e+02 8.565891346302976217e-01
2.696880626390692441e+02 8.545404541452024105e-01
2.734473679737579914e+02 8.524682188081731393e-01
2.772590759860481171e+02 8.503722282451132708e-01
2.811239171408464017e+02 8.482522823841521786e-01
2.850426320853434845e+02 8.461081815273983064e-01
2.890159717909511414e+02 8.439397264248607033e-01
2.930446976972144171e+02 8.417467183505755735e-01
2.971295818577333989e+02 8.395289591809748098e-01
3.012714070881164048e+02 8.372862514755329277e-01
3.054709671159968138e+02 8.350183985597293690e-01
3.097290667331406553e+02 8.327252046103621463e-01
3.140465219496752525e+02 8.304064747432472471e-01
3.184241601504652976e+02 8.276707507511469331e-01
3.228628202536733625e+02 8.245136129542592895e-01
3.273633528715247394e+02 8.213247619821401058e-01
3.319266204733189625e+02 8.181040520562108398e-01
3.365534975507094373e+02 8.148513418088151328e-01
3.412448707852889243e+02 8.115664944565629257e-01
3.460016392185108884e+02 8.082493779768471498e-01
3.508247144239788895e+02 8.048998652875219983e-01
3.557150206821385723e+02 8.015178344297317903e-01
3.606734951574027832e+02 7.981031687538754360e-01
3.657010880777493185e+02 7.946557571086841909e-01
3.707987629168172248e+02 7.911754940333937114e-01
3.759674965785467293e+02 7.876622799529778840e-01
3.812082795843887766e+02 7.841160213764175602e-01
3.865221162631261791e+02 7.805366310979643396e-01
3.919100249433402041e+02 7.769240284013599895e-01
3.973730381485608518e+02 7.732781392669662024e-01
4.029122027951347604e+02 7.693349383821739274e-01
4.085285803928565542e+02 7.653166297416901243e-01
4.142232472483897823e+02 7.612637364218449720e-01
4.199972946715305966e+02 7.571762612241527135e-01
4.258518291843414545e+02 7.530542163029934066e-01
4.317879727332021389e+02 7.488976234084174788e-01
4.378068629038166364e+02 7.447065141308231162e-01
4.439096531392170846e+02 7.404809301473684879e-01
4.500975129608046359e+02 7.362209234699764737e-01
4.563716281924758391e+02 7.319265566947744661e-01
4.627332011878693265e+02 7.275979032528167023e-01
4.691834510607798734e+02 7.232350476619127111e-01
4.757236139187889421e+02 7.188380857793841283e-01
4.823549431001467269e+02 7.144071250555663610e-01
4.890787094139589612e+02 7.099422847878539278e-01
4.958962013837211771e+02 7.054436963750853051e-01
5.028087254942479944e+02 7.009964705802799179e-01
5.098176064420424609e+02 6.967952698280704960e-01
5.169241873891603518e+02 6.925612133770936429e-01
5.241298302206062090e+02 6.882944043088018438e-01
5.314359158053241572e+02 6.839949571069867673e-01
5.388438442608223795e+02 6.796629979028012691e-01
5.463550352214875829e+02 6.752986647199074044e-01
5.539709281106399885e+02 6.709021077195322924e-01
5.616929824163809144e+02 6.664734894452063463e-01
5.695226779712825191e+02 6.620129850669469462e-01
5.774615152359820058e+02 6.575207826246373122e-01
5.855110155867243975e+02 6.529970832703491102e-01
5.936727216069126598e+02 6.484421015093377871e-01
6.019481973827274714e+02 6.438560654394313021e-01
6.103390288028621171e+02 6.392392169885287023e-01
6.188468238624383275e+02 6.345918121499045661e-01
6.274732129711574089e+02 6.299141212150134450e-01
6.362198492657488487e+02 6.257678511431578050e-01
6.450884089267692616e+02 6.219662940014787367e-01
6.540805914998259141e+02 6.181353242462623854e-01
6.631981202212675726e+02 6.142750445026393669e-01
6.724427423484249857e+02 6.103855678509553240e-01
6.818162294944479527e+02 6.064670180469069471e-01
6.913203779678127603e+02 6.025195297415992801e-01
7.009570091165618351e+02 5.985432487013198077e-01
7.107279696773418891e+02 5.945383320268179395e-01
7.206351321293052479e+02 5.905049483718697312e-01
7.306803950529507574e+02 5.864432781608923673e-01
7.408656834939567943e+02 5.823535138053749227e-01
7.511929493320968731e+02 5.782358599188696102e-01
7.616641716552892376e+02 5.740905335302902701e-01
7.722813571388642231e+02 5.699177642952458767e-01
7.830465404301182843e+02 5.657177947051326150e-01
7.939617845382275618e+02 5.614908802936964261e-01
8.050291812295980662e+02 5.584503549748338624e-01
8.162508514287228536e+02 5.554261919320858665e-01
8.276289456246352074e+02 5.523765939682427906e-01
8.391656442830161495e+02 5.493015815406202540e-01
8.508631582640581428e+02 5.462011824610061295e-01
8.627237292461450124e+02 5.430754320777610999e-01
8.747496301554415368e+02 5.399243734590210009e-01
8.869431656014704686e+02 5.367480575768862616e-01
8.993066723187622529e+02 5.335465434924741013e-01
9.118425196146571352e+02 5.303198985417092448e-01
9.245531098233579996e+02 5.270681985217101628e-01
9.374408787662999885e+02 5.237915278776376082e-01
9.505082962189511591e+02 5.204899798898477981e-01
9.637578663841088655e+02 5.171636568611999163e-01
9.771921283717996403e+02 5.138126703043507382e-01
9.908136566858665901e+02 5.104371411288685101e-01
1.004625061717341282e+03 5.074812941375387298e-01
1.018628990244687543e+03 5.053920029123446511e-01
1.032828125941028475e+03 5.032823701938051730e-01
1.047225189888434443e+03 5.011523212843830288e-01
1.061822941099384707e+03 4.990017848753949825e-01
1.076624177045493298e+03 4.968306931665151249e-01
1.091631734193614648e+03 4.946389819872060722e-01
1.106848488549411968e+03 4.924265909200610247e-01
1.122277356208508309e+03 4.901934634260344814e-01
1.137921293915315118e+03 4.879395469715384626e-01
1.153783299629660860e+03 4.856647931573739307e-01
1.169866413101306989e+03 4.833691578494718755e-01
1.186173716452479084e+03 4.810526013114065358e-01
1.202708334768512032e+03 4.787150883386468436e-01
1.219473436696738190e+03 4.763565883945027890e-01
1.236472235053714940e+03 4.739770757477262397e-01
1.253707987440919624e+03 4.715765296117164773e-01
1.271183996869028761e+03 4.699893784918593997e-01
1.288903612390892931e+03 4.687448856371477790e-01
1.306870229743346272e+03 4.674864097217805159e-01
1.325087291997952434e+03 4.662138409946521844e-01
1.343558290220826166e+03 4.649270701980136034e-01
1.362286764141646927e+03 4.636259886169741273e-01
1.381276302832009378e+03 4.623104881303630731e-01
1.400530545393219654e+03 4.609804612629726517e-01
1.420053181653683168e+03 4.596358012392008363e-01
1.439847952876008094e+03 4.582764020381118186e-01
1.459918652473978682e+03 4.569021584499333710e-01
1.480269126739508692e+03 4.555129661340097114e-01
1.500903275579736601e+03 4.541087216782264679e-01
1.521825053264386952e+03 4.526893226599262854e-01
1.543038469183564530e+03 4.512546677083288382e-01
1.564547588616095709e+03 4.498046565684756248e-01
1.586356533508589564e+03 4.484053805299355044e-01
1.608469483265356757e+03 4.479222507269233211e-01
1.630890675549332627e+03 4.474329178317962286e-01
1.653624407094180469e+03 4.469373097000932660e-01
1.676675034527699154e+03 4.464353535591711331e-01
1.700046975206718116e+03 4.459269760090382451e-01
1.723744708063619782e+03 4.454121030234295397e-01
1.747772774464680879e+03 4.448906599511289195e-01
1.772135779080358361e+03 4.443625715175495428e-01
1.796838390767721194e+03 4.438277618265789037e-01
1.821885343465167125e+03 4.432861543626981926e-01
1.847281437099634104e+03 4.427376719933845406e-01
1.873031538506436618e+03 4.421822369718058088e-01
1.899140582361935458e+03 4.416197709398164695e-01
1.925613572129198701e+03 4.410501949312651826e-01
1.952455581016860833e+03 4.404734293756220054e-01
1.979671752951332564e+03 4.398893941019375031e-01
2.007267303562570305e+03 4.396180637877414865e-01
2.035247521183577874e+03 4.397646545955091191e-01
2.063617767863858717e+03 4.399133387072800550e-01
2.092383480396977120e+03 4.400641467209939206e-01
2.121550171362450328e+03 4.402171097016702728e-01
2.151123430182167340e+03 4.403722591890900095e-01
2.181108924191520146e+03 4.405296272056180573e-01
2.211512399725488649e+03 4.406892462641703867e-01
2.242339683219845028e+03 4.408511493763279665e-01
2.273596682327717645e+03 4.410153700606020966e-01
2.305289387051708218e+03 4.411819423508522298e-01
2.337423870891815113e+03 4.413509008048620008e-01
2.370006292009327808e+03 4.415222805130747941e-01
2.403042894406969481e+03 4.416961171074937353e-01
2.436540009125465986e+03 4.418724467707482728e-01
2.470504055456825427e+03 4.420513062453327313e-01
2.504941542174502501e+03 4.422327328430190052e-01
2.539859068780726375e+03 4.427971136463301205e-01
2.575263326771201264e+03 4.434660192201795859e-01
2.611161100917459407e+03 4.441452806818638743e-01
2.647559270567066505e+03 4.448350729749310228e-01
2.684464810961962485e+03 4.455355744117618921e-01
2.721884794575179512e+03 4.462469667498291659e-01
2.759826392466180550e+03 4.469694352699862261e-01
2.798296875655115855e+03 4.477031688568475776e-01
2.837303616516211605e+03 4.484483600813252702e-01
2.876854090190594434e+03 4.492052052853875432e-01
2.916955876018796062e+03 4.499739046691082489e-01
2.957616658993253623e+03 4.507546623800791630e-01
2.998844231231027607e+03 4.515476866052572369e-01
3.040646493467068467e+03 4.523531896653240625e-01
3.083031456568277008e+03 4.531713881116351539e-01
3.126007243068703701e+03 4.540025028258428130e-01
3.169582088726115217e+03 4.548833679141757735e-01
3.213764344100278777e+03 4.559629817361416926e-01
3.258562476153226271e+03 4.570602609838549935e-01
3.303985069871858286e+03 4.581755318218790896e-01
3.350040829913132711e+03 4.593091274957317172e-01
3.396738582272206258e+03 4.604613885150442010e-01
3.444087275973823580e+03 4.616326628422677270e-01
3.492095984787271391e+03 4.628233060871170812e-01
3.540773908965269584e+03 4.640336817069529163e-01
3.590130377007068546e+03 4.652641612133049942e-01
3.640174847446141484e+03 4.665151243847549534e-01
3.690916910662778264e+03 4.677869594863980907e-01
3.742366290721980931e+03 4.690800634961176940e-01
3.794532847236938323e+03 4.703948423379111787e-01
3.847426577258505858e+03 4.717317111225184378e-01
3.901057617190993369e+03 4.730910943956113668e-01
3.955436244734701631e+03 4.744734263938170660e-01
4.010572880855495896e+03 4.758728089576474973e-01
4.066478091781857984e+03 4.772903074258776912e-01
4.123162591029752548e+03 4.787318761605136586e-01
4.180637241455758158e+03 4.801979851020763967e-01
4.238913057338778344e+03 4.816891151253660519e-01
4.298001206490798722e+03 4.832057583433666537e-01
4.357913012397029888e+03 4.847484184210003044e-01
4.418659956385941769e+03 4.863176108990950874e-01
4.480253679829489556e+03 4.879138635289410608e-01
4.542705986374043277e+03 4.895377166178289663e-01
4.606028844202402979e+03 4.911897233859798817e-01
4.670234388327335182e+03 4.928704503352904776e-01
4.735334922917116273e+03 4.945804776303398542e-01
4.801342923653450271e+03 4.963203994921167039e-01
4.868271040122283921e+03 4.980908246049508548e-01
4.936132098237916580e+03 4.998923765371482419e-01
5.004939102700953299e+03 5.017256941758554412e-01
5.074705239490465829e+03 5.033979731874591579e-01
5.145443878390929967e+03 5.050775408425803858e-01
5.217168575554349445e+03 5.067862423759618151e-01
5.289893076098151141e+03 5.085246644236031122e-01
5.363631316739239992e+03 5.102934077814010871e-01
5.438397428464801123e+03 5.120930878135414588e-01
5.514205739240302137e+03 5.139243348745962114e-01
5.591070776755293082e+03 5.157877947458471279e-01
5.669007271207434314e+03 5.176841290863801737e-01
5.748030158125350681e+03 5.196140158995130598e-01
5.828154581230845906e+03 5.215781500151519534e-01
5.909395895340971038e+03 5.235772435886861809e-01
5.991769669310619065e+03 5.256120266170696276e-01
6.075291689016071359e+03 5.276832474727528588e-01
6.159977960380168952e+03 5.297916734561672891e-01
6.245844712439617979e+03 5.319380913674905953e-01
6.332908400455115043e+03 5.340267275077188458e-01
6.421185709064758157e+03 5.358844365551601596e-01
6.510693555481460862e+03 5.377746392953447474e-01
6.601449092734889746e+03 5.396979978352610674e-01
6.693469712958661148e+03 5.416551904864588263e-01
6.786773050723295455e+03 5.436469122389097075e-01
6.881376986415670217e+03 5.456738752509785462e-01
6.977299649665537800e+03 5.477368093561252316e-01
7.074559422819878819e+03 5.498364625869842648e-01
7.173174944465612498e+03 5.519736017174952103e-01
7.273165113001454301e+03 5.541490128237880342e-01
7.374549090259553850e+03 5.563635018645581853e-01
7.477346305177587965e+03 5.586178952816959198e-01
7.581576457522110104e+03 5.609130406219695608e-01
7.687259521663728265e+03 5.632498071805988049e-01
7.794415750404950813e+03 5.656290866675861562e-01
7.903065678861347806e+03 5.680517938977179826e-01
8.013230128396886357e+03 5.701970317009334988e-01
8.124930210614047610e+03 5.721921910030081104e-01
8.238187331399609320e+03 5.742222897109938717e-01
8.353023195026778922e+03 5.762880409676561788e-01
8.469459808314584734e+03 5.783901754035268850e-01
8.587519484845170155e+03 5.805294416492827736e-01
8.707224849239921241e+03 5.827066068655764042e-01
8.828598841495149827e+03 5.849224572909905717e-01
8.951664721378301692e+03 5.871777988088210387e-01
9.076446072885357353e+03 5.894734575334160676e-01
9.202966808760418644e+03 5.918102804168383635e-01
9.331251175078250526e+03 5.941891358766445697e-01
9.461323755890769462e+03 5.966109144456172020e-01
9.593209477938240525e+03 5.990765294443118893e-01
9.726933615426169126e+03 6.015869176773286364e-01
9.862521794868784127e+03 6.041430401542540185e-01
1.000000000000000000e+04 6.067458828362587431e-01
